
With the initial, unoptimized parameters:


Number of data points: 25
Number of fitted MQDT parameters: 5
Number of degrees of freedom: 20

chi2: 1.118e+07  Reduced chi2: 5.590e+05

Optimization...

Optimization terminated successfully.
         Current function value: 19.390689
         Iterations: 255
         Function evaluations: 435

MQDT parameters
---------------
K0matrx[1, 1] =   1.12000000e+01   1.11810669e+01
K0matrx[1, 2] =   1.62000000e+01   1.61894526e+01
K0matrx[2, 2] =   2.24000000e+01   2.24274133e+01
K1matrx[1]    =  -9.10000000e-01  -9.10457511e-01
K1matrx[2]    =   4.27000000e+00   4.27346973e+00

With the optimized parameters:


Number of data points: 25
Number of fitted MQDT parameters: 5
Number of degrees of freedom: 20

chi2: 1.939e+01  Reduced chi2: 9.695e-01

Z-coefficients
--------------
34098.404000  -9.6191e-01  -3.5803e-01 
38906.858000   9.3834e-01  -3.7580e-01 
41172.054000  -9.0713e-01  -4.2823e-01 
42462.136000   9.1463e-01  -4.0470e-01 
43328.040000   9.4832e-01   3.1753e-01 
43936.320000  -9.7153e-01   2.3830e-01 
44366.420000   9.8337e-01   1.8380e-01 
44675.737000  -9.8950e-01   1.4710e-01 
44903.500000   9.9292e-01   1.2144e-01 
45075.290000  -9.9498e-01   1.0270e-01 
45207.830000   9.9630e-01   8.8514e-02 
45311.990000  -9.9718e-01   7.7431e-02 
45395.340000   9.9780e-01   6.8559e-02 
45463.020000  -9.9825e-01   6.1312e-02 
45518.640000   9.9858e-01   5.5293e-02 
45565.000000  -9.9883e-01   5.0223e-02 
45603.980000   9.9902e-01   4.5900e-02 
45637.100000  -9.9918e-01   4.2176e-02 
45665.430000   9.9930e-01   3.8939e-02 
45689.860000  -9.9940e-01   3.6103e-02 
45711.090000   9.9948e-01   3.3600e-02 
45729.670000  -9.9955e-01   3.1378e-02 
45746.000000   9.9960e-01   2.9393e-02 
45760.440000  -9.9965e-01   2.7612e-02 
45773.140000   9.9969e-01   2.6005e-02 

Channel fractions
-----------------
34098.404000   9.2528e-01   1.2818e-01 
38906.858000   8.8048e-01   1.4123e-01 
41172.054000   8.2289e-01   1.8338e-01 
42462.136000   8.3654e-01   1.6378e-01 
43328.040000   8.9931e-01   1.0082e-01 
43936.320000   9.4386e-01   5.6788e-02 
44366.420000   9.6701e-01   3.3781e-02 
44675.737000   9.7910e-01   2.1637e-02 
44903.500000   9.8589e-01   1.4747e-02 
45075.290000   9.8998e-01   1.0548e-02 
45207.830000   9.9261e-01   7.8348e-03 
45311.990000   9.9437e-01   5.9956e-03 
45395.340000   9.9560e-01   4.7004e-03 
45463.020000   9.9650e-01   3.7592e-03 
45518.640000   9.9716e-01   3.0573e-03 
45565.000000   9.9766e-01   2.5223e-03 
45603.980000   9.9805e-01   2.1068e-03 
45637.100000   9.9836e-01   1.7788e-03 
45665.430000   9.9860e-01   1.5162e-03 
45689.860000   9.9880e-01   1.3034e-03 
45711.090000   9.9896e-01   1.1290e-03 
45729.670000   9.9909e-01   9.8457e-04 
45746.000000   9.9921e-01   8.6396e-04 
45760.440000   9.9930e-01   7.6242e-04 
45773.140000   9.9938e-01   6.7628e-04 